Camera parameters:

units = pix

camera 1
focal = 4248.06
xp = 2628.916
yp = 1834.855
k1 = 0.07039488 
k2 = -0.17154803 
p1 = -0.00467987 
p2 = -0.00788186 


camera 2
focal = 4241.656
xp = 2585.205
yp = 1852.701
k1 = -0.0823
k2 = -0.694
p1 = -0.0279
p2 = -0.0058

camera 4
focal = 4239.655
xp = 2746.295
yp = 1837.450
k1 = 0.0473 
k2 = -0.414
p1 = -0.0014
p2 = -0.0028